206678.36543487752
232364.36645048615
208538.61363057885
220788.1842112208
219003.797112708
242543.78423923993
208171.12952809694
223824.66949870903
223922.20365606452
224124.81848609014
224859.0169803105
219565.48724480622
215402.22973809933
210989.22450215003
221076.61156052267
215521.6420234332
213314.3170892237
216572.30642263414
214031.4822318863
224514.06677779998
215723.47050564422
220521.61208649864
219277.4184905833
220661.98691245247
213463.56216167888
226728.62794611196
224040.49281269687
217929.35774263987
217230.9659707361
217048.24534355328
Média: 219281.06855971777
