272087.63645124197
239073.00488418122
283889.6257914797
243548.28271922702
244158.1733953148
250555.06588699867
239377.88737064347
277751.02466338483
247993.7124409371
264006.6737602677
243885.79705025777
251742.85119493
267414.94588799274
259883.61396701334
232835.3434543491
244876.4409872616
221851.3785278996
239158.43271457235
265880.66415950755
272570.00491634395
238334.83077364907
228742.66562107264
264464.10805943666
271022.7661965771
255468.89895080944
248600.38198398697
254727.30218260674
247463.96866374402
250941.48767509699
234862.41693966492
Média: 251905.64624234827
