209073.62992287189
211583.90322230876
205197.35052682302
206485.4102517666
202160.0433623778
211388.79656847252
211286.00965448466
202999.86673018712
207642.58649308496
209515.16256484314
209042.55622499486
195892.15927174402
204050.25695810321
212269.49317023394
215588.5008563544
214530.83764050668
219392.3305455626
219078.16261313073
206751.370723046
207554.71904643043
208290.630759383
211256.075343919
210144.85447780706
211811.0099938516
209671.59991071708
204404.09083735352
204953.39828914427
207399.48975480103
213923.39300991653
214901.11445206575
Média: 209274.62677254286
